sysno	0
002026018
001606386
001995002
001562750
002130404
002083674
001564225
001605178
001607377
001607154
001607365
001607390
001995805
001995561
002083275
002147349
001995552
001995559
001995808
002115967
001606423
001606429
002114418
002114420
001351040
001607115
002001453
001605293
002130600
001605176
001585883
002130567
002115989
002115919
002001500
002115914
002115918
001585862
002112524
002114020
001269777
001584929
002128172
002003091
001603695
002130519
001607440
001605306
001605613
001606273
001995520
001608014
001605578
001995948
001564215
001571129
001582878
002002975
002025997
002083282
001585651
001571139
001583069
001611239
001583026
002130304
002111880
002130512
002120645
001995014
002142733
002142712
002142731
002142723
001995029
002004816
001605600
002136454
002130602
002115981
001605981
001561607
002116030
001584937
001611269
001571183
002083325
001606917
002004844
002083301
001564497
001592643
001608057
002004836
002001401
001606465
001583134
001606954
001607052
002116000
001606249
001606249
001585374
001592686
002001518
002001520
002083284
001611678
002115997
001585713
002004813
001583821
002114025
002002440
001606923
002003662
001582872
001571126
002128176
001606454
002025987
001582519
001607655
002004851
001606293
001584895
002001490
001592737
001995517
001584908
001609039
001584911
001608929
001610231
002083536
002083546
001584831
002116037
001605996
002083283
002000619
002114480
001585165
001592711
001606469
001606472
001608025
001563665
001582871
002004830
001611487
002025959
002120506
002120639
002003068
001564298
001606885
001563645
002026303
001592638
001995779
001564516
001561554
001592963
002136470
001605536
002083264
001270540
001585669
002002876
002003421
001606265
001585851
001585208
001995537
002142842
001588033
002128142
001269903
001609887
001609927
001609973
001609925
001561531
002083686
001561549
001611546
001607139
002136466
001585026
002000585
001608048
002026028
002001630
001995087
001605972
001605972
002114441
001611200
001270520
002002980
002128149
002001512
001270511
001605538
002136456
002001615
001564507
001608588
002004858
001605993
001592669
001608055
001561587
002114385
002147350
001585358
001608506
001585718
002003653
001605223
001587967
002115980
002083682
001606938
002083664
001587960
001995577
001611540
001561595
001582435
001585673
002116436
002083651
001585367
002002023
001605978
001607145
002003595
001584305
001582875
001584836
002000613
002000621
001606302
002142774
001583044
002111906
002112522
002130352
001585873
001606391
001585338
001607645
002115954
002120507
001605611
002130191
001605229
002003643
002083648
002003193
001585722
001583084
001585193
002026022
001562762
002135593
002115950
001588040
002116407
002002939
001592966
001995038
002001605
001605962
001607417
001583837
002130189
002111894
001995129
001995947
001585644
001571173
001584332
001270509
002083277
001605331
002026009
002002459
002083484
001592965
001608250
001995539
002026298
001994991
002114379
002114381
001585203
002114412
001995941
001608179
001994971
002114346
002003427
002114342
001995506
001605988
001582261
002001775
001583836
001584858
001585436
001368219
001592715
002025971
001611276
002111916
002130571
002000629
001611689
002002025
001605584
001592718
002114353
002114455
001564411
001583829
001605246
001605846
001585445
001577223
001368218
002114384
002001546
002116027
001571163
001606880
002135567
001995498
002130597
001584804
001561716
001562675
001583063
001606282
001995022
001995800
001608262
002003170
002116007
002128154
002083593
002130588
002142716
002130534
002130534
001605287
001584314
001585705
002003656
001608942
001606943
001608012
001605869
001605869
002128115
001585440
001585627
002002986
001270522
001584308
001608000
001608002
001605592
001605595
001608496
001607141
001608030
001577207
001582267
001583055
001588005
001588006
001588008
001604795
002083516
002115996
001564245
001608993
002130412
001610059
002001621
002003187
001585838
001588035
001564459
001571103
001583843
002115906
002136528
002115908
001582260
001582458
001583075
001587999
001608232
002111913
002142744
002114031
001583022
001582268
001582847
002114458
001583083
001584799
001605168
002130300
002001554
001592607
001583827
001606258
001607077
001607080
001607083
002004832
001611265
001611264
001592674
001608052
001606458
001571105
002004855
002136875
002114357
002002394
002001459
002142772
002001411
001995573
001995007
001607129
001611665
001585898
001608951
002003017
002120554
001995034
002136881
002002869
001584337
001592970
002001463
002004846
001571112
001561611
002136524
002142738
002083556
001995642
001583051
001586003
001583781
001606299
002115992
001571107
001588003
001587969
001592969
002130531
001592721
001606254
002001506
001585856
002130581
002114016
002114443
001571170
002001397
002002945
002115961
002114464
002083640
002002890
001564501
001585418
002039602
002114037
001608182
002003082
001564217
001583142
001605324
001592741
002114460
001583016
001584931
001606936
002115974
001577210
002002856
001607691
001607691
001564510
001605609
002003648
001571109
001583096
001608199
002083280
001571171
002001917
001583011
001588000
001592690
001608047
001585160
001611255
002114424
002003094
001582869
001995789
002083585
001269910
001585799
001585806
002003178
001592655
001592658
002120505
001582432
002083677
001585701
001606870
001604798
002120634
001583842
001564231
002083551
002083641
001583148
001607680
001606305
002083692
001606872
001585662
001611714
002116019
001592619
002001921
001611681
001584960
001592964
001561589
001561593
001561602
001611721
001611724
001605234
001269778
001607689
002142742
002002426
001995747
001583753
002130538
001582438
002114034
001608976
001995531
002116403
002114382
002114467
001577192
001585654
002001533
002083489
002000540
002025975
001608276
002002383
001607361
002083668
001607676
002039547
001607421
002128201
001563724
001571120
001583072
001608188
002114023
001583169
001582262
001588034
002083534
002130378
001585493
001603628
001582263
002026000
001605543
001607640
001607637
001564233
001607672
001995053
001995055
002135545
001584868
001585158
002002916
001606368
001368216
002130509
001608236
001269907
002114425
001995656
002083694
002083354
001606397
002083310
002114472
002116016
002083485
001995491
002083305
001606858
001584924
001995650
002002029
002130584
002083268
001583092
001564455
001995582
002039631
002083552
002130228
002001440
002002950
002002971
001564255
001582264
001584336
002001391
002111850
002142770
002083667
002120509
001610259
002114330
001269908
002003425
002000624
001603705
002114027
002083642
001607452
001585890
001606947
002114332
001564474
002130302
001607065
001995475
001995651
001995473
001605254
001605954
002111840
001603702
001995793
002001798
001607400
002136883
002026293
002142740
001585845
001583143
001606934
001584325
001606861
001585378
001583152
001607632
001607633
001608078
002026295
001611531
002136515
001606319
001585197
001585344
002026041
001592967
001583163
001585152
001564302
001571174
001577204
001577205
001582266
001609869
002001432
002002954
002004872
002120637
001563660
001564221
001571180
001577221
002004826
002083286
002130416
001564504
001606434
001995528
001607627
001585353
002083681
001610934
002083587
002111891
002002432
002000634
002002468
001584877
001577213
001607622
001564519
001583840
001584948
001585429
001606286
001571182
001584817
001577215
001604805
002004862
001611736
002147348
002003667
001584642
001609637
001585842
002147351
001584934
001583156
001585210
001584801
002083645
001562753
001584851
001609642
001995115
002142729
002130593
002136460
002083356
002128118
001592751
002116042
001605941
001611007
002136893
002114481
001584328
001995655
001586007
002002862
002083273
001607088
002026301
001608040
002142747
001564447
002083691
002002961
002002969
001561561
001552270
001607369
001592665
001609008
002001448
001611534
002128139
002001785
002001528
002003014
001995942
001607683
001269822
002003671
001607686
001584327
001592617
002083595
001584916
001608933
001605328
002003677
001588038
001592968
001571172
001587974
002120641
001585426
002147346
002000628
001611756
001584839
002083597
001610204
002116009
001564454
001605321
002135588
001605552
002116013
002120503
001585649
002115959
002114477
002114435
001607685
001584341
002136518
002083653
002130185
002120508
001995796
002003025
002147347
001606247
002003061
001607160
002116409
001270507
001270515
001585725
002000536
002001417
002003086
002128196
002004811
